3
1
73 76 75 74 1 77 
87 68 83 65 0 16 
38 39 40 37 2 10 

2
2
38 39 40 37 3 10 2 16 
87 68 83 65 3 69 2 81 


3
2
87 68 83 65 0 49 3 50 
38 39 40 37 2 10 2 16 
73 76 75 74 1 77 3 78 

2
2
38 39 40 37 1 17 0 16 
87 68 83 65 0 81 1 69 

2
2
38 39 40 37 4 10 0 16 
87 68 83 65 0 69 4 81 

2
5
38 39 40 37 2 10 2 16 2 92 2 8 2 47 
87 68 83 65 0 49 1 50 2 51 3 52 4 53 

1
5
87 68 83 65 0 49 1 50 2 51 3 52 4 53 

2
1
87 68 83 65 0 16 
38 39 40 37 4 10 

2
3
87 68 83 65 4 49 5 50 0 51 
38 39 40 37 1 74 2 75 3 76 

2
9
87 68 83 65 2 49 1 50 0 51 3 52 4 53 2 54 2 55 2 55 2 56 
38 39 40 37 0 72 1 74 2 75 3 76 4 78 0 77 4 44 2 46 0 59 


3
1
87 68 83 65 2 69 
38 39 40 37 0 10 
73 76 75 74 1 32 
